 These are the hits that I can found in Amber Pospistle's log file.
Do you think including the in your compare file can have any influence on your template selection: 
    
    6qpfF	1	118551	180500	731	759	97.26	0	41	731	1	756	1	731
    6qpfL	1	118557	180150	730	759	97.26	0	43	730	1	756	1	730
    6qpfC	1	118548	179200	727	759	97.25	0	40	727	1	756	1	727
    6qpgF	1	118616	175750	726	759	95.04	0	45	726	1	756	1	726
    6qnwI	1	173093	175800	726	759	95.04	0	63	726	1	756	1	726
    6qnwC	1	173087	175250	724	759	95.03	0	61	724	1	756	1	724
    6qpgL	1	118622	174400	723	759	95.02	0	47	723	1	756	1	723
    6qpfI	1	118554	177100	722	759	97.23	0	42	722	1	756	1	722
    6qnwF	1	173090	174300	720	759	95	0	62	720	1	752	1	720
    6qpgC	1	118613	172400	717	759	94.84	0	44	717	1	756	1	717
    6qnwL	1	173096	169650	709	759	94.92	0	64	709	1	756	1	709
    5wl0A	1	313065	115800	482	759	93.98	0	106	482	252	737	1	482
    5fmmA	1	385506	106250	425	759	97.88	0	112	425	251	675	1	425
    5fmqA	1	385561	106000	424	759	97.88	0	113	424	252	675	1	424




##########How about adding these? Does your dendrogram change when you increase the number of comparisons by including:

    6euvC	1	196121	67100	283	759	93.64	0	76	283	249	534	1	283
    7nfqB	1	418139	69350	282	759	97.52	0	127	282	251	532	1	282
    7nfrA	1	418120	67950	279	759	97.49	0	125	279	252	532	1	279
    7nfqA	1	418137	67950	279	759	97.49	0	126	279	252	532	1	279
    6euvI	1	196123	65900	278	759	93.53	0	78	278	252	534	1	278
    6euyA	1	196011	65600	277	759	93.5	0	71	277	252	533	1	277
    6euyC	1	196013	65550	277	759	93.86	0	73	277	252	532	1	277
    6euvA	1	196120	65750	277	759	93.5	0	75	277	252	532	1	277
    6euvF	1	196122	65250	275	759	93.45	0	77	275	252	532	1	275
    6euyB	1	196012	61950	267	759	94.01	0	72	267	252	532	1	267
    3cw4A	1	38112	51400	208	759	95.19	0	17	208	535	742	1	208
    3l56B	1	5203	51350	205	759	97.56	0	3	205	541	745	1	205
    3khwA	1	99286	49700	201	759	96.02	0	31	201	541	741	1	201
    3khwB	1	99287	49700	201	759	96.02	0	32	201	541	741	1	201
    3kc6A	1	66186	49200	198	759	97.47	0	24	198	540	739	1	198
    2vy6A	1	149103	46750	196	759	94.9	0	54	196	538	741	1	196
    3l56A	1	5202	47850	194	759	97.94	0	2	194	540	741	1	194
    3r2vA	1	380299	45050	192	759	92.71	0	111	192	541	738	1	192
    7as3A	1	103411	40500	171	759	95.21	0	35	167	320	486	1	167
    3wi0A	1	357682	40600	169	759	94.61	0	109	167	317	483	3	169
    4u6oA	1	134050	40650	166	759	95.18	0	50	166	318	483	1	166
    4cb6A	1	295544	41050	165	759	98.18	0	103	165	319	483	1	165
    4es5B	1	227485	40050	165	759	95.76	0	83	165	319	483	1	165
    2vqzD	1	391042	39800	165	759	92.12	0	118	165	319	483	1	165
    4es5A	1	227484	40050	165	759	95.76	0	82	165	318	482	1	165
    4enfA	1	65819	40200	164	759	95.12	0	23	164	320	483	1	164
    2vqzA	1	391040	39600	164	759	92.07	0	116	164	320	483	1	164
    4cb6B	1	295545	40650	163	759	98.16	0	104	163	321	483	1	163
    5eg8A	1	230377	40200	163	759	96.93	0	87	163	321	483	1	163
    5eg8B	1	230378	40200	163	759	96.93	0	88	163	321	483	1	163
    4es5C	1	227486	39650	163	759	95.71	0	84	163	321	483	1	163
    5f79A	1	308893	39400	163	759	92.02	0	105	163	321	483	1	163
    5buhA	1	328405	39400	163	759	92.02	0	107	163	321	483	1	163
    4eqkA	1	350615	39400	163	759	92.02	0	108	163	321	483	1	163
    4ncmA	1	442116	39400	163	759	92.02	0	132	163	321	483	1	163
    4nceA	1	442366	39400	163	759	92.02	0	133	163	321	483	1	163
    4j2rA	1	461214	39950	163	759	95.09	0	134	163	320	482	1	163
    4j2rB	1	461215	39950	163	759	95.09	0	135	163	320	482	1	163				
    4cb4A	1	295177	40450	162	759	98.15	0	101	162	322	483	1	162
    4cb5A	1	295448	40450	162	759	98.15	0	102	162	322	483	1	162
    7as0A	1	103329	40000	162	759	96.91	0	33	162	322	483	1	162
    7as2A	1	103406	39800	162	759	96.3	0	34	162	322	483	1	162
    3wi1A	1	357686	39650	162	759	95.06	0	110	162	322	483	1	162
    2vqzB	1	391041	38450	162	759	91.98	0	117	162	320	483	1	162
    7as1A	1	103453	39800	162	759	96.3	0	36	162	321	482	1	162
    5eg7A	1	230376	38050	161	759	95.03	0	86	161	319	483	1	161
    4yd0A	1	257861	38200	161	759	91.93	0	98	161	321	483	1	161
    7nftA	1	418141	40200	161	759	98.14	0	128	161	322	482	1	161
    5junA	1	199888	38000	160	759	91.88	0	81	160	321	483	1	160
    2vqzE	1	391043	37900	160	759	91.88	0	119	160	320	483	1	160
    2vqzF	1	391044	38150	160	759	91.88	0	120	160	322	483	1	160
    4es5D	1	227487	38950	160	759	95.62	0	85	160	322	481	1	160
    5wopA	1	170389	37650	159	759	94.97	0	59	159	321	483	1	159
    5wopB	1	170390	37650	159	759	94.97	0	60	159	321	483	1	159
    7nftB	1	418143	39700	159	759	98.11	0	129	159	324	482	1	159
    4cb7A	1	295097	38000	159	759	96.23	0	99	159	319	481	1	159
    4p1uA	1	166524	37400	158	759	91.77	0	58	158	321	483	1	158
    5eg9A	1	230379	37200	157	759	94.9	0	89	157	322	482	1	157
    4u6oB	1	134051	36700	156	759	94.87	0	51	156	320	483	1	156
    6euwA	1	196388	37850	156	759	98.08	0	79	156	319	482	1	156
    5eg9B	1	230380	36950	156	759	94.87	0	90	156	322	481	1	156
    2vy7A	1	148870	37300	156	759	94.19	0	52	155	538	693	2	156
    7xmeC	1	398383	36100	155	759	92.26	0	123	155	321	483	1	155
    7xmeA	1	398381	36200	155	759	92.26	0	121	155	321	482	1	155
    7xmeD	1	398384	35750	154	759	92.21	0	124	154	321	483	1	154
    4cb7B	1	295098	37150	154	759	97.4	0	100	154	321	482	1	154
    7xmeB	1	398382	35850	154	759	92.21	0	122	154	321	482	1	154
    2vy8A	1	149046	36100	152	759	95.36	0	53	151	538	693	2	152
    5jurA	1	199685	34900	150	759	91.33	0	80	150	321	483	1	150
    2gmoA	1	92543	17750	75	759	97.33	0	28	75	685	759	1	75
    4uadE	1	48334	17700	75	759	97.33	0	18	75	683	757	1	75
    4uaeF	1	48338	17450	74	759	97.3	0	19	74	686	759	1	74
    4uafE	1	48341	16950	72	759	97.22	0	20	72	687	758	1	72
    2jdqE	1	127244	14500	65	759	96.92	0	49	65	686	757	1	65
    2jdqD	1	127243	14150	63	759	96.83	0	48	63	688	756	1	63
